1.78600e+00 1.26400e+00 2.15000e+00 9.55027e+15 2.55417e+13 -2.31583e+12 8.86140e+15
1.77400e+00 1.89400e+00 2.13000e+00 9.37214e+15 2.53076e+13 -2.25080e+12 8.77706e+15
1.36000e+00 2.48800e+00 3.54000e+00 2.58076e+16 4.07559e+13 -1.03135e+13 1.45577e+16
1.73200e+00 3.35800e+00 3.80000e-01 3.05601e+14 5.67658e+12 -1.28170e+10 1.58244e+15
2.18200e+00 1.01200e+00 1.11000e+00 2.56329e+15 1.42206e+13 -3.19040e+11 4.59029e+15
1.00600e+00 1.57000e+00 7.20000e-01 1.07478e+15 8.88819e+12 -8.70459e+10 2.97290e+15
1.81000e+00 1.52800e+00 7.00000e-01 1.02338e+15 9.32402e+12 -8.00416e+10 2.89966e+15
2.80000e+00 3.70600e+00 4.70000e+00 4.55022e+16 5.49232e+13 -2.40698e+13 1.93110e+16
1.66600e+00 2.45200e+00 1.89000e+00 7.38066e+15 2.25312e+13 -1.57220e+12 7.78833e+15
2.57200e+00 1.79800e+00 3.50000e-01 2.64770e+14 6.02999e+12 -1.00317e+10 1.46861e+15
2.31400e+00 1.52200e+00 1.40000e-01 4.61427e+13 3.46666e+12 -6.45464e+08 6.01875e+14
3.86800e+00 2.29600e+00 4.81000e+00 4.77480e+16 5.70349e+13 -2.58579e+13 1.97955e+16
3.29200e+00 1.02400e+00 3.41000e+00 2.40407e+16 4.08877e+13 -9.23777e+12 1.40579e+16
3.11800e+00 2.93800e+00 2.77000e+00 1.58700e+16 3.35762e+13 -4.94422e+12 1.14154e+16
1.66000e+00 3.32200e+00 1.15000e+00 2.74183e+15 1.42398e+13 -3.54372e+11 4.74682e+15
2.11600e+00 3.67600e+00 4.29000e+00 3.78949e+16 4.97717e+13 -1.83135e+13 1.76264e+16
2.21200e+00 1.96000e+00 3.05000e+00 1.92007e+16 3.59690e+13 -6.60370e+12 1.25603e+16
3.73600e+00 3.73000e+00 2.96000e+00 1.81304e+16 3.62100e+13 -6.02751e+12 1.21970e+16
2.00200e+00 3.56200e+00 2.22000e+00 1.01805e+16 2.65015e+13 -2.54509e+12 9.14363e+15
3.71800e+00 1.10200e+00 2.67000e+00 1.47767e+16 3.29504e+13 -4.43622e+12 1.10210e+16
3.15400e+00 1.54000e+00 1.69000e+00 5.93728e+15 2.15131e+13 -1.12537e+12 6.98520e+15
1.56400e+00 1.96600e+00 2.02000e+00 8.42634e+15 2.39034e+13 -1.91977e+12 8.32254e+15
2.65000e+00 1.15000e+00 2.77000e+00 1.58632e+16 3.31938e+13 -4.95208e+12 1.14198e+16
1.82800e+00 1.72600e+00 1.22000e+00 3.08738e+15 1.51618e+13 -4.23358e+11 5.03797e+15
1.46800e+00 3.87400e+00 4.68000e+00 4.50407e+16 5.36058e+13 -2.37548e+13 1.92117e+16
3.46000e+00 3.19000e+00 8.80000e-01 1.63151e+15 1.26936e+13 -1.59043e+11 3.65749e+15
2.08600e+00 1.57000e+00 1.00000e-02 2.22473e+12 1.82380e+12 -3.47642e+05 6.45009e+13
1.95400e+00 3.10000e+00 3.13000e+00 2.02010e+16 3.66518e+13 -7.12775e+12 1.28781e+16
2.63200e+00 2.32000e+00 1.44000e+00 4.30924e+15 1.82850e+13 -6.95996e+11 5.95052e+15
2.50600e+00 3.28600e+00 3.82000e+00 3.00850e+16 4.48302e+13 -1.29449e+13 1.57108e+16
2.73400e+00 3.24400e+00 3.23000e+00 2.15379e+16 3.84114e+13 -7.83180e+12 1.32958e+16
1.37200e+00 2.51800e+00 1.74000e+00 6.25245e+15 2.06103e+13 -1.22684e+12 7.16870e+15
1.28200e+00 1.44400e+00 1.00000e+00 2.07178e+15 1.22502e+13 -2.33173e+11 4.12752e+15
3.02200e+00 2.29600e+00 3.48000e+00 2.50111e+16 4.14482e+13 -9.80304e+12 1.43318e+16
1.77400e+00 1.03000e+00 2.67000e+00 1.47145e+16 3.13551e+13 -4.43489e+12 1.09996e+16
1.84000e+00 3.84400e+00 4.54000e+00 4.24112e+16 5.23437e+13 -2.16921e+13 1.86438e+16
2.18200e+00 1.07800e+00 3.36000e+00 2.32982e+16 3.94168e+13 -8.83556e+12 1.38396e+16
3.51400e+00 3.91600e+00 2.90000e-01 1.89457e+14 6.13110e+12 -5.72049e+09 1.23223e+15
2.35600e+00 2.75200e+00 3.44000e+00 2.44097e+16 4.04532e+13 -9.46328e+12 1.41564e+16
3.16000e+00 2.95600e+00 3.64000e+00 2.73553e+16 4.33521e+13 -1.12078e+13 1.49837e+16
2.12200e+00 2.74600e+00 5.90000e-01 7.31807e+14 8.34821e+12 -4.79427e+10 2.45045e+15
1.17400e+00 3.94000e+00 1.43000e+00 4.22322e+15 1.69761e+13 -6.80724e+11 5.89079e+15
2.78800e+00 3.89200e+00 9.30000e-01 1.81067e+15 1.27019e+13 -1.87580e+11 3.85505e+15
1.58200e+00 2.02600e+00 4.67000e+00 4.48986e+16 5.35920e+13 -2.36723e+13 1.92001e+16
2.17600e+00 1.82200e+00 7.60000e-01 1.20845e+15 1.02962e+13 -1.02442e+11 3.15040e+15
2.19400e+00 2.12800e+00 6.60000e-01 9.14114e+14 9.19118e+12 -6.71072e+10 2.73927e+15
2.30800e+00 1.27600e+00 3.08000e+00 1.95875e+16 3.63844e+13 -6.80527e+12 1.26891e+16
1.03600e+00 2.72200e+00 3.95000e+00 3.21030e+16 4.50805e+13 -1.43178e+13 1.62330e+16
1.70800e+00 2.35000e+00 2.85000e+00 1.67517e+16 3.33154e+13 -5.38629e+12 1.17312e+16
1.18600e+00 2.49400e+00 3.22000e+00 2.13527e+16 3.70300e+13 -7.76384e+12 1.32429e+16
1.66600e+00 3.51400e+00 4.86000e+00 4.85857e+16 5.57844e+13 -2.66124e+13 1.99558e+16
3.54400e+00 2.51800e+00 1.40000e+00 4.09099e+15 1.85854e+13 -6.39782e+11 5.79608e+15
3.24400e+00 1.71400e+00 4.79000e+00 4.73325e+16 5.63005e+13 -2.55595e+13 1.97158e+16
2.86600e+00 2.80600e+00 8.70000e-01 1.58787e+15 1.20942e+13 -1.53651e+11 3.60994e+15
1.27600e+00 1.76800e+00 4.30000e+00 3.80650e+16 4.91984e+13 -1.84909e+13 1.76824e+16
3.73600e+00 3.10000e+00 3.63000e+00 2.72291e+16 4.37125e+13 -1.11147e+13 1.49478e+16
1.69000e+00 2.73400e+00 4.06000e+00 3.39437e+16 4.68488e+13 -1.55470e+13 1.66911e+16
2.21200e+00 3.97000e+00 4.50000e-01 4.29629e+14 6.85432e+12 -2.12852e+10 1.87558e+15
1.96600e+00 2.53600e+00 3.10000e-01 2.06079e+14 5.08475e+12 -6.96626e+09 1.29724e+15
3.17800e+00 2.67400e+00 2.65000e+00 1.45328e+16 3.22820e+13 -4.33079e+12 1.09250e+16
3.49000e+00 3.58000e+00 3.95000e+00 3.22038e+16 4.70927e+13 -1.43059e+13 1.62511e+16
1.95400e+00 2.36200e+00 3.77000e+00 2.92918e+16 4.38189e+13 -1.24577e+13 1.55089e+16
1.33000e+00 1.33000e+00 1.35000e+00 3.76911e+15 1.62089e+13 -5.73539e+11 5.56733e+15
2.57800e+00 3.92200e+00 3.56000e+00 2.61350e+16 4.19773e+13 -1.04729e+13 1.46407e+16
1.93600e+00 1.87600e+00 4.26000e+00 3.73914e+16 4.92919e+13 -1.79788e+13 1.75243e+16
3.73600e+00 2.92000e+00 1.28000e+00 3.42818e+15 1.73992e+13 -4.89027e+11 5.30463e+15
1.27000e+00 3.52000e+00 2.93000e+00 1.76816e+16 3.38507e+13 -5.84510e+12 1.20477e+16
3.85000e+00 1.18600e+00 2.93000e+00 1.77853e+16 3.59702e+13 -5.86120e+12 1.20905e+16
1.85800e+00 3.48400e+00 9.60000e-01 1.91648e+15 1.22747e+13 -2.06233e+11 3.96817e+15
2.33200e+00 2.18200e+00 4.14000e+00 3.53320e+16 4.82725e+13 -1.64969e+13 1.70327e+16
3.03400e+00 1.62400e+00 1.60000e+00 5.32273e+15 2.04067e+13 -9.54999e+11 6.61375e+15
1.40200e+00 3.01600e+00 2.86000e+00 1.68554e+16 3.31757e+13 -5.43935e+12 1.17650e+16
1.51000e+00 1.44400e+00 2.39000e+00 1.17870e+16 2.80027e+13 -3.18005e+12 9.84403e+15
3.73000e+00 2.66200e+00 1.70000e-01 7.22560e+13 4.96460e+12 -1.15943e+09 7.41124e+14
1.16200e+00 3.41800e+00 2.26000e+00 1.05276e+16 2.62602e+13 -2.68481e+12 9.29886e+15
2.15200e+00 3.37000e+00 1.83000e+00 6.93017e+15 2.22578e+13 -1.42664e+12 7.54515e+15
2.60200e+00 3.13600e+00 4.36000e+00 3.91738e+16 5.09554e+13 -1.92393e+13 1.79254e+16
1.99000e+00 2.95600e+00 4.88000e+00 4.90188e+16 5.62758e+13 -2.69672e+13 2.00504e+16
1.22800e+00 2.76400e+00 2.07000e+00 8.83778e+15 2.41872e+13 -2.06448e+12 8.52182e+15
1.93000e+00 1.79200e+00 3.80000e+00 2.97651e+16 4.41361e+13 -1.27664e+13 1.56374e+16
3.98800e+00 1.56400e+00 3.91000e+00 3.16083e+16 4.70572e+13 -1.39143e+13 1.61144e+16
1.58800e+00 3.98200e+00 4.02000e+00 3.32557e+16 4.63149e+13 -1.50669e+13 1.65119e+16
2.27800e+00 3.19000e+00 2.50000e+00 1.29111e+16 2.98634e+13 -3.63460e+12 1.02970e+16
3.43000e+00 2.07400e+00 3.70000e-01 3.00629e+14 6.95804e+12 -1.18634e+10 1.56045e+15
2.77600e+00 3.73600e+00 9.70000e-01 1.96803e+15 1.31400e+13 -2.12825e+11 4.01938e+15
2.30200e+00 3.25000e+00 2.00000e-01 8.96072e+13 4.12869e+12 -1.87608e+09 8.48521e+14
3.84400e+00 3.29200e+00 2.80000e+00 1.62373e+16 3.45076e+13 -5.10539e+12 1.15447e+16
1.55200e+00 2.49400e+00 2.59000e+00 1.38351e+16 3.02760e+13 -4.04287e+12 1.06614e+16
3.98800e+00 3.56800e+00 4.82000e+00 4.79200e+16 5.72419e+13 -2.59659e+13 1.98173e+16
3.04000e+00 2.21200e+00 4.68000e+00 4.51655e+16 5.49000e+13 -2.38212e+13 1.92546e+16
2.44000e+00 1.69600e+00 1.99000e+00 8.19997e+15 2.42865e+13 -1.83629e+12 8.20984e+15
3.11800e+00 2.68000e+00 3.79000e+00 2.96506e+16 4.49976e+13 -1.26535e+13 1.56008e+16
3.98800e+00 3.89200e+00 2.68000e+00 1.48836e+16 3.32816e+13 -4.47514e+12 1.10511e+16
3.89200e+00 1.34800e+00 2.60000e-01 1.56600e+14 6.10538e+12 -4.13036e+09 1.11320e+15
1.91800e+00 2.74600e+00 2.66000e+00 1.46017e+16 3.13599e+13 -4.37863e+12 1.09516e+16
3.70600e+00 2.62600e+00 2.16000e+00 9.68665e+15 2.72286e+13 -2.34700e+12 8.91956e+15
2.63200e+00 3.14200e+00 9.00000e-02 2.21569e+13 3.16771e+12 -1.72887e+08 3.99731e+14
3.40600e+00 1.43200e+00 2.40000e+00 1.19405e+16 2.96706e+13 -3.22142e+12 9.90640e+15
1.77400e+00 2.11000e+00 3.31000e+00 2.25869e+16 3.85208e+13 -8.43689e+12 1.36217e+16
1.51000e+00 1.84000e+00 1.00000e+00 2.07450e+15 1.24372e+13 -2.33169e+11 4.12979e+15
1.58800e+00 1.98400e+00 4.41000e+00 4.00463e+16 5.06857e+13 -1.99395e+13 1.81344e+16
2.41600e+00 2.21200e+00 9.00000e-01 1.69261e+15 1.20609e+13 -1.70073e+11 3.72856e+15
3.91000e+00 2.22400e+00 4.23000e+00 3.69596e+16 5.05751e+13 -1.75973e+13 1.74190e+16
2.84800e+00 2.13400e+00 4.39000e+00 3.97457e+16 5.14954e+13 -1.96682e+13 1.80644e+16
3.35800e+00 2.39800e+00 4.07000e+00 3.41955e+16 4.83302e+13 -1.56724e+13 1.67546e+16
3.70000e+00 2.29000e+00 1.68000e+00 5.87861e+15 2.18489e+13 -1.10524e+12 6.94873e+15
2.79400e+00 3.70600e+00 3.52000e+00 2.55639e+16 4.17070e+13 -1.01273e+13 1.44812e+16
2.13400e+00 3.20800e+00 4.78000e+00 4.70358e+16 5.52736e+13 -2.53359e+13 1.96386e+16
2.63200e+00 2.62600e+00 1.56000e+00 5.05262e+15 1.96286e+13 -8.84608e+11 6.44312e+15
1.21600e+00 1.54600e+00 4.70000e-01 4.61379e+14 6.26100e+12 -2.42307e+10 1.94704e+15
2.39200e+00 1.03000e+00 4.58000e+00 4.32523e+16 5.32514e+13 -2.23677e+13 1.88547e+16
2.93200e+00 1.00600e+00 1.60000e-01 6.14410e+13 4.19777e+12 -9.64552e+08 6.91082e+14
1.63000e+00 2.36800e+00 6.40000e-01 8.55209e+14 8.50438e+12 -6.11628e+10 2.65064e+15
1.03000e+00 3.18400e+00 1.78000e+00 6.53446e+15 2.07773e+13 -1.31270e+12 7.32772e+15
3.34600e+00 2.31400e+00 2.19000e+00 9.94698e+15 2.72692e+13 -2.44642e+12 9.03976e+15
1.15000e+00 1.15000e+00 4.60000e-01 4.41720e+14 6.09487e+12 -2.27173e+10 1.90523e+15
2.78800e+00 1.72600e+00 4.21000e+00 3.65647e+16 4.94315e+13 -1.73592e+13 1.73306e+16
3.57400e+00 3.89200e+00 2.45000e+00 1.24376e+16 3.03666e+13 -3.42000e+12 1.01034e+16
1.66600e+00 1.68400e+00 2.69000e+00 1.49290e+16 3.14899e+13 -4.53247e+12 1.10773e+16
3.29200e+00 2.04400e+00 2.31000e+00 1.10606e+16 2.85688e+13 -2.87119e+12 9.53299e+15
2.92000e+00 3.75400e+00 8.10000e-01 1.37917e+15 1.14665e+13 -1.23998e+11 3.36345e+15
3.14800e+00 2.73400e+00 2.17000e+00 9.76067e+15 2.68826e+13 -2.37922e+12 8.95402e+15
3.65800e+00 2.18200e+00 9.00000e-01 1.70823e+15 1.30801e+13 -1.70195e+11 3.74248e+15
2.90200e+00 2.87800e+00 1.64000e+00 5.58653e+15 2.07459e+13 -1.02763e+12 6.77433e+15
3.41200e+00 4.00000e+00 4.91000e+00 4.96749e+16 5.77757e+13 -2.74233e+13 2.01717e+16
1.38400e+00 1.70200e+00 1.20000e-01 3.22670e+13 2.47952e+12 -4.05302e+08 5.09181e+14
2.82400e+00 1.33600e+00 2.04000e+00 8.62591e+15 2.51617e+13 -1.97880e+12 8.42066e+15
3.65800e+00 2.65000e+00 1.85000e+00 7.11774e+15 2.37179e+13 -1.47515e+12 7.64585e+15
1.63000e+00 2.32600e+00 4.79000e+00 4.72271e+16 5.49743e+13 -2.55299e+13 1.96880e+16
1.37800e+00 2.41600e+00 4.29000e+00 3.78815e+16 4.91687e+13 -1.83454e+13 1.76342e+16
1.13200e+00 3.07600e+00 4.90000e+00 4.93692e+16 5.57953e+13 -2.72918e+13 2.01207e+16
1.85200e+00 1.40200e+00 3.43000e+00 2.42608e+16 3.99295e+13 -9.39508e+12 1.41209e+16
3.73000e+00 2.83600e+00 4.50000e+00 4.17896e+16 5.34493e+13 -2.11617e+13 1.85155e+16
1.58200e+00 3.26800e+00 1.74000e+00 6.25588e+15 2.07823e+13 -1.22637e+12 7.16947e+15
2.26000e+00 1.46800e+00 4.10000e+00 3.46620e+16 4.77669e+13 -1.60396e+13 1.68762e+16
2.87800e+00 3.22000e+00 4.03000e+00 3.34932e+16 4.74869e+13 -1.51975e+13 1.65759e+16
1.20400e+00 3.85600e+00 2.49000e+00 1.27745e+16 2.88696e+13 -3.58842e+12 1.02411e+16
3.26800e+00 3.23200e+00 4.16000e+00 3.57016e+16 4.92624e+13 -1.67141e+13 1.71126e+16
1.47400e+00 2.37400e+00 3.10000e+00 1.98042e+16 3.59228e+13 -6.92972e+12 1.27545e+16
3.80200e+00 3.50800e+00 4.48000e+00 4.14099e+16 5.32828e+13 -2.08602e+13 1.84250e+16
2.75200e+00 2.75200e+00 4.28000e+00 3.77674e+16 5.01836e+13 -1.82116e+13 1.76043e+16
1.10800e+00 3.65800e+00 2.04000e+00 8.57936e+15 2.37524e+13 -1.97480e+12 8.39470e+15
1.11400e+00 3.24400e+00 7.80000e-01 1.26141e+15 9.64859e+12 -1.10621e+11 3.22015e+15
1.43200e+00 2.81800e+00 1.28000e+00 3.39032e+15 1.55085e+13 -4.88602e+11 5.27895e+15
1.97800e+00 2.20600e+00 2.04000e+00 8.60320e+15 2.44670e+13 -1.97720e+12 8.40865e+15
2.16400e+00 2.83000e+00 8.40000e-01 1.47337e+15 1.11821e+13 -1.38250e+11 3.47874e+15
1.57000e+00 1.28800e+00 1.62000e+00 5.42683e+15 1.94294e+13 -9.90969e+11 6.68018e+15
3.31000e+00 1.70800e+00 3.71000e+00 2.84357e+16 4.42609e+13 -1.18848e+13 1.52843e+16
3.08200e+00 3.47800e+00 4.14000e+00 3.53471e+16 4.88854e+13 -1.64686e+13 1.70257e+16
1.88200e+00 1.93000e+00 2.62000e+00 1.41693e+16 3.08831e+13 -4.18722e+12 1.07910e+16
1.97800e+00 3.49600e+00 4.06000e+00 3.39453e+16 4.70837e+13 -1.55313e+13 1.66855e+16
2.67400e+00 1.79200e+00 3.41000e+00 2.40085e+16 4.03795e+13 -9.22876e+12 1.40447e+16
1.70200e+00 2.37400e+00 1.93000e+00 7.69644e+15 2.30087e+13 -1.67418e+12 7.95324e+15
2.62000e+00 3.97600e+00 3.78000e+00 2.94563e+16 4.44748e+13 -1.25322e+13 1.55413e+16
3.94600e+00 1.70800e+00 2.65000e+00 1.45620e+16 3.29130e+13 -4.33517e+12 1.09384e+16
1.15600e+00 3.27400e+00 3.01000e+00 1.86562e+16 3.46531e+13 -6.33789e+12 1.23759e+16
3.57400e+00 3.97000e+00 4.65000e+00 4.45780e+16 5.49979e+13 -2.33036e+13 1.91112e+16
2.23000e+00 1.00600e+00 2.71000e+00 1.51725e+16 3.21773e+13 -4.63762e+12 1.11692e+16
1.62400e+00 1.66000e+00 1.63000e+00 5.49452e+15 1.95856e+13 -1.00924e+12 6.72121e+15
1.28800e+00 3.24400e+00 3.75000e+00 2.89428e+16 4.30470e+13 -1.22459e+13 1.54108e+16
2.63200e+00 2.02000e+00 4.17000e+00 3.58622e+16 4.88549e+13 -1.68622e+13 1.71611e+16
2.66200e+00 3.87400e+00 4.47000e+00 4.11582e+16 5.22345e+13 -2.07070e+13 1.83663e+16
2.07400e+00 2.64400e+00 1.74000e+00 6.26697e+15 2.11863e+13 -1.22699e+12 7.17630e+15
2.87200e+00 3.39400e+00 3.73000e+00 2.87024e+16 4.41227e+13 -1.20516e+13 1.53451e+16
1.37800e+00 3.47200e+00 1.30000e-01 3.75481e+13 2.58657e+12 -5.14992e+08 5.50232e+14
2.24800e+00 3.19600e+00 3.91000e+00 3.15050e+16 4.56264e+13 -1.38812e+13 1.60775e+16
2.10400e+00 3.23800e+00 4.47000e+00 4.11424e+16 5.17781e+13 -2.07256e+13 1.83689e+16
1.73200e+00 1.39000e+00 1.13000e+00 2.64937e+15 1.40752e+13 -3.36473e+11 4.66717e+15
2.05600e+00 1.86400e+00 4.64000e+00 4.43535e+16 5.36455e+13 -2.32266e+13 1.90848e+16
1.15600e+00 2.78200e+00 8.20000e-01 1.39399e+15 1.01310e+13 -1.28536e+11 3.38526e+15
3.52000e+00 1.50400e+00 2.52000e+00 1.31621e+16 3.11079e+13 -3.72871e+12 1.04005e+16
4.00000e+00 2.06800e+00 2.40000e-01 1.35797e+14 5.97004e+12 -3.25174e+09 1.03211e+15
1.64200e+00 2.19400e+00 1.67000e+00 5.76644e+15 2.00481e+13 -1.08502e+12 6.88478e+15
1.69000e+00 3.81400e+00 3.42000e+00 2.40909e+16 3.96813e+13 -9.28709e+12 1.40583e+16
3.89200e+00 2.31400e+00 4.71000e+00 4.57899e+16 5.59348e+13 -2.42799e+13 1.93856e+16
1.01800e+00 2.83600e+00 4.01000e+00 3.30818e+16 4.57373e+13 -1.49770e+13 1.64775e+16
1.70200e+00 3.80200e+00 3.82000e+00 3.00426e+16 4.41696e+13 -1.29349e+13 1.56966e+16
3.48400e+00 2.72200e+00 3.97000e+00 3.25418e+16 4.73133e+13 -1.45406e+13 1.63424e+16
1.99000e+00 1.67200e+00 1.57000e+00 5.10562e+15 1.92140e+13 -9.01987e+11 6.47866e+15
2.75800e+00 3.49000e+00 1.46000e+00 4.43057e+15 1.86120e+13 -7.24993e+11 6.03238e+15
2.21200e+00 3.59200e+00 3.08000e+00 1.95682e+16 3.63031e+13 -6.78880e+12 1.26727e+16
3.97600e+00 1.61200e+00 4.14000e+00 3.54219e+16 4.96228e+13 -1.65134e+13 1.70579e+16
3.02800e+00 1.75000e+00 2.38000e+00 1.17311e+16 2.91362e+13 -3.14055e+12 9.81872e+15
2.20000e+00 2.80000e+00 4.01000e+00 3.31370e+16 4.67074e+13 -1.49800e+13 1.64911e+16
1.31800e+00 3.46600e+00 4.21000e+00 3.64627e+16 4.82216e+13 -1.73133e+13 1.72926e+16
2.06800e+00 2.29600e+00 2.87000e+00 1.69996e+16 3.38349e+13 -5.50102e+12 1.18176e+16
3.10600e+00 3.23200e+00 3.79000e+00 2.96431e+16 4.49868e+13 -1.26446e+13 1.55951e+16
2.17000e+00 2.29000e+00 4.79000e+00 4.72578e+16 5.54176e+13 -2.55329e+13 1.96946e+16
2.72200e+00 3.55000e+00 1.39000e+00 4.01768e+15 1.77987e+13 -6.25689e+11 5.74439e+15
2.87200e+00 2.77000e+00 4.82000e+00 4.78774e+16 5.63283e+13 -2.59966e+13 1.98176e+16
1.25800e+00 2.50600e+00 2.61000e+00 1.40401e+16 3.02586e+13 -4.13690e+12 1.07402e+16
1.27600e+00 3.71800e+00 4.43000e+00 4.03590e+16 5.06497e+13 -2.01588e+13 1.81893e+16
2.32000e+00 3.34600e+00 7.50000e-01 1.17847e+15 1.03023e+13 -9.84253e+10 3.11029e+15
2.86000e+00 1.78600e+00 2.23000e+00 1.02998e+16 2.73186e+13 -2.58356e+12 9.20043e+15
3.53200e+00 1.59400e+00 1.52000e+00 4.81662e+15 1.99196e+13 -8.19019e+11 6.29052e+15
2.45200e+00 2.01400e+00 4.00000e+00 3.29957e+16 4.68036e+13 -1.48846e+13 1.64617e+16
3.96400e+00 1.48000e+00 1.19000e+00 2.97173e+15 1.65787e+13 -3.93302e+11 4.93879e+15
3.11200e+00 2.12800e+00 4.87000e+00 4.89043e+16 5.70868e+13 -2.68416e+13 2.00357e+16
3.92200e+00 2.93200e+00 4.31000e+00 3.83537e+16 5.14792e+13 -1.85943e+13 1.77381e+16
2.20600e+00 2.89600e+00 4.93000e+00 5.00404e+16 5.70130e+13 -2.78066e+13 2.02586e+16
2.68000e+00 3.80200e+00 3.61000e+00 2.68779e+16 4.26210e+13 -1.09214e+13 1.48477e+16
2.45800e+00 2.92000e+00 4.44000e+00 4.06179e+16 5.17334e+13 -2.03223e+13 1.82543e+16
1.60000e+00 2.18800e+00 4.97000e+00 5.08396e+16 5.69656e+13 -2.85199e+13 2.04277e+16
2.21200e+00 2.98000e+00 4.51000e+00 4.18915e+16 5.23152e+13 -2.12946e+13 1.85375e+16
3.98800e+00 2.96200e+00 5.50000e-01 6.53241e+14 9.43156e+12 -3.89125e+10 2.30682e+15
1.11400e+00 2.86000e+00 2.84000e+00 1.66123e+16 3.27155e+13 -5.32668e+12 1.16806e+16
3.88600e+00 3.24400e+00 3.32000e+00 2.27971e+16 4.03644e+13 -8.50542e+12 1.36776e+16
2.57200e+00 1.78000e+00 4.81000e+00 4.76882e+16 5.59728e+13 -2.58761e+13 1.97893e+16
2.62600e+00 1.09600e+00 3.49000e+00 2.51501e+16 4.12369e+13 -9.90113e+12 1.43786e+16
2.56000e+00 1.18000e+00 4.46000e+00 4.10250e+16 5.20451e+13 -2.06520e+13 1.83615e+16
1.99600e+00 1.69000e+00 5.70000e-01 6.82649e+14 8.02089e+12 -4.32381e+10 2.36704e+15
1.93600e+00 1.69000e+00 3.26000e+00 2.19205e+16 3.80943e+13 -8.06455e+12 1.34214e+16
1.20400e+00 1.82800e+00 1.41000e+00 4.10810e+15 1.67773e+13 -6.53244e+11 5.81193e+15
3.64600e+00 2.33800e+00 3.78000e+00 2.95229e+16 4.53195e+13 -1.25601e+13 1.55691e+16
2.81200e+00 3.35200e+00 5.70000e-01 6.89395e+14 8.69045e+12 -4.32564e+10 2.37580e+15
3.94000e+00 3.55000e+00 2.60000e-01 1.56885e+14 6.14475e+12 -4.13001e+09 1.11364e+15
2.40400e+00 1.97800e+00 3.16000e+00 2.06142e+16 3.73583e+13 -7.34373e+12 1.30139e+16
1.69600e+00 2.74000e+00 3.02000e+00 1.88024e+16 3.52088e+13 -6.40525e+12 1.24264e+16
2.80000e+00 2.35000e+00 1.80000e-01 7.55070e+13 4.31341e+12 -1.37096e+09 7.71852e+14
2.54200e+00 2.22400e+00 5.50000e-01 6.40489e+14 8.24497e+12 -3.88637e+10 2.29079e+15
2.38000e+00 2.35600e+00 2.76000e+00 1.57344e+16 3.28591e+13 -4.89293e+12 1.13692e+16
3.41800e+00 3.10600e+00 4.37000e+00 3.93958e+16 5.17371e+13 -1.93744e+13 1.79759e+16
1.16200e+00 1.66000e+00 2.30000e+00 1.09078e+16 2.67091e+13 -2.83362e+12 9.46948e+15
3.88000e+00 3.37600e+00 2.26000e+00 1.06021e+16 2.84906e+13 -2.68651e+12 9.32944e+15
2.00200e+00 1.18000e+00 3.71000e+00 2.83848e+16 4.31884e+13 -1.18906e+13 1.52747e+16
2.52400e+00 1.60000e+00 2.14000e+00 9.48008e+15 2.60352e+13 -2.28352e+12 8.82748e+15
1.51000e+00 3.25600e+00 1.85000e+00 7.06779e+15 2.19550e+13 -1.47373e+12 7.62035e+15
3.82600e+00 1.05400e+00 4.15000e+00 3.55945e+16 4.96128e+13 -1.66459e+13 1.71040e+16
2.88400e+00 2.62000e+00 3.26000e+00 2.19495e+16 3.88711e+13 -8.05747e+12 1.34251e+16
3.18400e+00 1.28800e+00 4.39000e+00 3.97797e+16 5.17730e+13 -1.96936e+13 1.80796e+16
1.04800e+00 1.88800e+00 9.00000e-01 1.67693e+15 1.09383e+13 -1.69959e+11 3.71342e+15
3.78400e+00 1.21000e+00 2.91000e+00 1.75419e+16 3.56921e+13 -5.74186e+12 1.20075e+16
2.91400e+00 2.95600e+00 4.33000e+00 3.86571e+16 5.08759e+13 -1.88511e+13 1.78084e+16
1.16800e+00 3.45400e+00 2.65000e+00 1.44662e+16 3.06319e+13 -4.32612e+12 1.08987e+16
3.08800e+00 1.64200e+00 2.72000e+00 1.53094e+16 3.29928e+13 -4.68712e+12 1.12167e+16
3.11200e+00 3.87400e+00 2.23000e+00 1.03014e+16 2.75242e+13 -2.57965e+12 9.19601e+15
1.25800e+00 1.17400e+00 3.15000e+00 2.04479e+16 3.63068e+13 -7.27919e+12 1.29656e+16
3.39400e+00 3.07600e+00 1.73000e+00 6.22342e+15 2.21574e+13 -1.20613e+12 7.14910e+15
3.84400e+00 2.56600e+00 4.77000e+00 4.69513e+16 5.65666e+13 -2.52080e+13 1.96270e+16
1.22200e+00 1.62400e+00 3.88000e+00 3.09999e+16 4.44512e+13 -1.35908e+13 1.59596e+16
3.74800e+00 3.35200e+00 1.48000e+00 4.57119e+15 1.96484e+13 -7.55479e+11 6.12582e+15
1.45600e+00 3.54400e+00 3.93000e+00 3.17864e+16 4.51997e+13 -1.40871e+13 1.61469e+16
1.81600e+00 1.68400e+00 1.61000e+00 5.36463e+15 1.95192e+13 -9.72603e+11 6.64111e+15
3.49000e+00 3.47200e+00 2.86000e+00 1.69240e+16 3.48887e+13 -5.43895e+12 1.17858e+16
2.71600e+00 1.86400e+00 3.50000e+00 2.52902e+16 4.14217e+13 -9.97750e+12 1.44141e+16
3.39400e+00 2.32600e+00 2.24000e+00 1.04054e+16 2.78685e+13 -2.61769e+12 9.24561e+15
2.39800e+00 1.84000e+00 3.38000e+00 2.35776e+16 3.98170e+13 -8.98666e+12 1.39181e+16
3.71200e+00 3.73000e+00 3.74000e+00 2.88895e+16 4.49235e+13 -1.21448e+13 1.53922e+16
1.78600e+00 3.07000e+00 6.60000e-01 9.10369e+14 8.85632e+12 -6.70718e+10 2.73442e+15
1.37200e+00 1.57600e+00 7.30000e-01 1.10807e+15 9.30052e+12 -9.07449e+10 3.01812e+15
2.75800e+00 1.22200e+00 4.12000e+00 3.50283e+16 4.84000e+13 -1.62818e+13 1.69668e+16
3.17200e+00 3.77800e+00 2.47000e+00 1.26287e+16 3.02607e+13 -3.50437e+12 1.01814e+16
2.96800e+00 3.67600e+00 2.70000e+00 1.50727e+16 3.26687e+13 -4.57596e+12 1.11228e+16
1.85200e+00 3.92800e+00 1.90000e-01 7.96022e+13 3.64743e+12 -1.60688e+09 8.02332e+14
1.98400e+00 3.92200e+00 1.83000e+00 6.92565e+15 2.21197e+13 -1.42609e+12 7.54198e+15
1.93000e+00 1.36600e+00 4.58000e+00 4.32203e+16 5.28714e+13 -2.23550e+13 1.88446e+16
1.40800e+00 2.00200e+00 4.49000e+00 4.15005e+16 5.14337e+13 -2.10423e+13 1.84603e+16
2.50000e+00 2.84800e+00 2.92000e+00 1.76074e+16 3.47487e+13 -5.79058e+12 1.20244e+16
3.10000e+00 1.09000e+00 2.64000e+00 1.44280e+16 3.21073e+13 -4.28798e+12 1.08908e+16
1.10200e+00 3.48400e+00 1.70000e+00 5.96247e+15 1.99405e+13 -1.14348e+12 6.99940e+15
3.54400e+00 1.74400e+00 2.91000e+00 1.75303e+16 3.54946e+13 -5.73861e+12 1.20016e+16
3.81400e+00 1.14400e+00 2.70000e-01 1.67456e+14 6.15336e+12 -4.62330e+09 1.15348e+15
1.06600e+00 3.04600e+00 3.00000e+00 1.85309e+16 3.44675e+13 -6.27636e+12 1.23353e+16
1.34800e+00 3.39400e+00 3.09000e+00 1.96654e+16 3.57063e+13 -6.85550e+12 1.27053e+16
1.21600e+00 1.21000e+00 6.90000e-01 9.89288e+14 8.72460e+12 -7.66340e+10 2.85199e+15
3.37000e+00 1.28200e+00 1.19000e+00 2.96210e+15 1.60913e+13 -3.93232e+11 4.93233e+15
1.73200e+00 1.31800e+00 4.30000e+00 3.80958e+16 4.95736e+13 -1.85040e+13 1.76934e+16
3.10000e+00 3.20200e+00 3.26000e+00 2.19532e+16 3.90477e+13 -8.05258e+12 1.34232e+16
2.55400e+00 1.98400e+00 3.31000e+00 2.26182e+16 3.91610e+13 -8.43908e+12 1.36314e+16
1.35400e+00 1.44400e+00 1.00000e-01 2.28390e+13 2.23094e+12 -2.34822e+08 4.26569e+14
3.89800e+00 3.91600e+00 6.20000e-01 8.23823e+14 1.01415e+13 -5.56974e+10 2.59338e+15
2.40400e+00 2.97400e+00 1.46000e+00 4.42440e+15 1.83217e+13 -7.25089e+11 6.02918e+15
3.26800e+00 2.68000e+00 2.14000e+00 9.49721e+15 2.66451e+13 -2.28214e+12 8.83236e+15
1.80400e+00 3.26200e+00 4.50000e+00 4.16792e+16 5.18677e+13 -2.11435e+13 1.84880e+16
3.19000e+00 2.22400e+00 4.70000e+00 4.55594e+16 5.52470e+13 -2.41274e+13 1.93381e+16
1.76800e+00 2.60200e+00 4.78000e+00 4.70310e+16 5.49749e+13 -2.53597e+13 1.96441e+16
1.80400e+00 1.75600e+00 4.64000e+00 4.43425e+16 5.34390e+13 -2.32299e+13 1.90836e+16
1.21000e+00 1.90000e+00 2.96000e+00 1.80526e+16 3.41390e+13 -6.03596e+12 1.21799e+16
1.61200e+00 2.90800e+00 4.00000e+00 3.29434e+16 4.61127e+13 -1.48651e+13 1.64423e+16
2.50600e+00 2.95600e+00 3.98000e+00 3.26560e+16 4.66223e+13 -1.46442e+13 1.63698e+16
1.70200e+00 2.80600e+00 5.70000e-01 6.80278e+14 7.77958e+12 -4.32173e+10 2.36350e+15
2.54800e+00 3.51400e+00 4.61000e+00 4.37716e+16 5.37092e+13 -2.27223e+13 1.89429e+16
2.50000e+00 1.83400e+00 3.27000e+00 2.20754e+16 3.86690e+13 -8.13835e+12 1.34677e+16
3.75400e+00 2.53000e+00 4.88000e+00 4.91309e+16 5.77245e+13 -2.69910e+13 2.00772e+16
1.59400e+00 1.33600e+00 1.49000e+00 4.59355e+15 1.79933e+13 -7.71099e+11 6.14590e+15
2.19400e+00 2.26600e+00 1.56000e+00 5.04442e+15 1.92693e+13 -8.84651e+11 6.43883e+15
3.08200e+00 1.27600e+00 2.02000e+00 8.46490e+15 2.51495e+13 -1.92140e+12 8.34151e+15
1.88800e+00 1.92400e+00 5.30000e-01 5.90436e+14 7.48433e+12 -3.47596e+10 2.20127e+15
2.78200e+00 1.85200e+00 7.80000e-01 1.27880e+15 1.10175e+13 -1.10782e+11 3.23942e+15
1.00600e+00 1.85200e+00 2.76000e+00 1.56925e+16 3.17320e+13 -4.89401e+12 1.13565e+16
3.61600e+00 1.13200e+00 4.53000e+00 4.23776e+16 5.36957e+13 -2.16431e+13 1.86615e+16
1.39600e+00 3.50200e+00 4.01000e+00 3.30892e+16 4.60463e+13 -1.49643e+13 1.64742e+16
3.75400e+00 1.41400e+00 2.53000e+00 1.32740e+16 3.14119e+13 -3.77371e+12 1.04446e+16
2.21800e+00 1.52200e+00 2.88000e+00 1.71274e+16 3.40707e+13 -5.56300e+12 1.18649e+16
2.82400e+00 1.64800e+00 2.60000e+00 1.39847e+16 3.14324e+13 -4.09389e+12 1.07207e+16
3.97000e+00 2.47000e+00 3.48000e+00 2.50491e+16 4.22259e+13 -9.80237e+12 1.43409e+16
2.23600e+00 1.10800e+00 1.47000e+00 4.48320e+15 1.82963e+13 -7.40722e+11 6.07120e+15
3.40600e+00 2.04400e+00 4.20000e-01 3.83614e+14 7.49825e+12 -1.73406e+10 1.76584e+15
2.53600e+00 2.10400e+00 3.70000e+00 2.82444e+16 4.35131e+13 -1.17820e+13 1.52308e+16
2.57800e+00 3.41800e+00 4.09000e+00 3.44776e+16 4.79121e+13 -1.58804e+13 1.68160e+16
1.57000e+00 1.37200e+00 4.11000e+00 3.47996e+16 4.73128e+13 -1.61579e+13 1.69107e+16
2.91400e+00 1.05400e+00 4.48000e+00 4.14142e+16 5.25599e+13 -2.09357e+13 1.84494e+16
2.54800e+00 2.63800e+00 3.04000e+00 1.90829e+16 3.61320e+13 -6.53482e+12 1.25186e+16
3.28600e+00 3.56800e+00 1.92000e+00 7.65244e+15 2.41961e+13 -1.64771e+12 7.92683e+15
1.25800e+00 3.20200e+00 1.66000e+00 5.68913e+15 1.96207e+13 -1.06493e+12 6.83745e+15
3.52000e+00 2.11600e+00 4.15000e+00 3.55617e+16 4.93595e+13 -1.66205e+13 1.70878e+16
1.53400e+00 1.39000e+00 4.40000e+00 3.98742e+16 5.05307e+13 -1.98217e+13 1.81008e+16
1.13800e+00 3.06400e+00 3.67000e+00 2.77188e+16 4.20285e+13 -1.14821e+13 1.50830e+16
2.31400e+00 2.14000e+00 4.90000e+00 4.94613e+16 5.67678e+13 -2.73373e+13 2.01496e+16
2.20000e+00 2.32600e+00 7.90000e-01 1.30501e+15 1.06518e+13 -1.15036e+11 3.27382e+15
1.98400e+00 1.94800e+00 4.48000e+00 4.13470e+16 5.17946e+13 -2.09052e+13 1.84265e+16
1.74400e+00 1.93600e+00 2.05000e+00 8.68230e+15 2.43871e+13 -2.00666e+12 8.44790e+15
3.13000e+00 1.43200e+00 4.36000e+00 3.92336e+16 5.13925e+13 -1.92887e+13 1.79539e+16
1.25200e+00 2.38600e+00 1.60000e-01 5.55455e+13 2.81912e+12 -9.58692e+08 6.72244e+14
3.26200e+00 3.10600e+00 1.08000e+00 2.44229e+15 1.47706e+13 -2.93801e+11 4.47730e+15
3.04000e+00 2.67400e+00 4.26000e+00 3.74319e+16 5.01962e+13 -1.79605e+13 1.75266e+16
2.68000e+00 3.70600e+00 2.10000e+00 9.12973e+15 2.57142e+13 -2.15478e+12 8.65837e+15
2.08000e+00 2.47000e+00 1.28000e+00 3.40071e+15 1.60403e+13 -4.88800e+11 5.28660e+15
3.79000e+00 2.40400e+00 1.28000e+00 3.42937e+15 1.74436e+13 -4.89147e+11 5.30583e+15
2.29600e+00 3.11200e+00 2.02000e+00 8.44186e+15 2.45036e+13 -1.91862e+12 8.32748e+15
1.54600e+00 3.57400e+00 2.93000e+00 1.76907e+16 3.40771e+13 -5.84506e+12 1.20504e+16
2.12200e+00 1.66600e+00 1.10000e+00 2.51654e+15 1.40593e+13 -3.10414e+11 4.54794e+15
2.57200e+00 2.30200e+00 3.71000e+00 2.83962e+16 4.36544e+13 -1.18748e+13 1.52703e+16
1.21600e+00 3.54400e+00 3.40000e+00 2.37944e+16 3.90687e+13 -9.12755e+12 1.39733e+16
1.41400e+00 3.58000e+00 1.00000e+00 2.07291e+15 1.23582e+13 -2.33021e+11 4.12750e+15
2.82400e+00 2.63200e+00 8.20000e-01 1.41205e+15 1.14998e+13 -1.28675e+11 3.40401e+15
1.01800e+00 3.31600e+00 3.83000e+00 3.01760e+16 4.37211e+13 -1.30436e+13 1.57348e+16
2.26600e+00 1.17400e+00 2.93000e+00 1.77295e+16 3.46703e+13 -5.85968e+12 1.20729e+16
1.52800e+00 3.19000e+00 2.68000e+00 1.48073e+16 3.12635e+13 -4.47592e+12 1.10271e+16
1.76200e+00 3.75400e+00 3.80000e+00 2.97327e+16 4.39950e+13 -1.27340e+13 1.56158e+16
3.66400e+00 1.21000e+00 9.20000e-01 1.78415e+15 1.33091e+13 -1.81840e+11 3.82535e+15
3.21400e+00 3.09400e+00 3.89000e+00 3.12299e+16 4.61953e+13 -1.36732e+13 1.60075e+16
2.50600e+00 2.27800e+00 3.06000e+00 1.93350e+16 3.63219e+13 -6.66694e+12 1.26026e+16
3.56800e+00 3.01600e+00 2.62000e+00 1.42179e+16 3.22658e+13 -4.18455e+12 1.08046e+16
1.90000e+00 3.11200e+00 1.91000e+00 7.54153e+15 2.29469e+13 -1.62201e+12 7.87142e+15
2.70400e+00 3.66400e+00 4.22000e+00 3.67002e+16 4.94705e+13 -1.74347e+13 1.73466e+16
3.70000e+00 3.82000e+00 4.08000e+00 3.43574e+16 4.87201e+13 -1.57579e+13 1.67830e+16
1.00600e+00 1.01200e+00 4.40000e-01 4.03604e+14 5.75274e+12 -1.98795e+10 1.82136e+15
1.78600e+00 1.07200e+00 2.13000e+00 9.37429e+15 2.53179e+13 -2.25214e+12 8.77980e+15
2.02600e+00 2.62600e+00 4.64000e+00 4.43342e+16 5.36190e+13 -2.31988e+13 1.90731e+16
1.90000e+00 2.02000e+00 4.30000e+00 3.80912e+16 4.97099e+13 -1.84855e+13 1.76862e+16
2.02600e+00 1.42000e+00 2.54000e+00 1.33254e+16 3.01059e+13 -3.81728e+12 1.04663e+16
3.57400e+00 2.15800e+00 3.48000e+00 2.50355e+16 4.19014e+13 -9.80541e+12 1.43391e+16
2.88400e+00 2.35600e+00 2.37000e+00 1.16271e+16 2.89057e+13 -3.09955e+12 9.77365e+15
3.85000e+00 1.25200e+00 1.40000e+00 4.09753e+15 1.88368e+13 -6.40237e+11 5.80124e+15
2.34400e+00 2.76400e+00 4.39000e+00 3.97075e+16 5.10804e+13 -1.96487e+13 1.80504e+16
2.41000e+00 2.31400e+00 3.74000e+00 2.88489e+16 4.38573e+13 -1.21644e+13 1.53914e+16
2.40400e+00 3.58600e+00 2.34000e+00 1.13185e+16 2.81750e+13 -2.98022e+12 9.64038e+15
2.50000e+00 2.46400e+00 1.15000e+00 2.75438e+15 1.49293e+13 -3.54621e+11 4.75702e+15
1.25800e+00 1.20400e+00 4.45000e+00 4.07741e+16 5.08646e+13 -2.05097e+13 1.83055e+16
1.70200e+00 3.58600e+00 3.56000e+00 2.61021e+16 4.12589e+13 -1.04758e+13 1.46338e+16
3.62200e+00 3.82000e+00 7.00000e-01 1.04144e+15 1.08109e+13 -8.01055e+10 2.91917e+15
2.18200e+00 3.94600e+00 3.23000e+00 2.15113e+16 3.79575e+13 -7.82514e+12 1.32845e+16
3.69400e+00 2.45200e+00 8.00000e-02 2.20733e+13 3.92723e+12 -1.23041e+08 3.70488e+14
2.87200e+00 1.69600e+00 2.64000e+00 1.44181e+16 3.19197e+13 -4.28548e+12 1.08853e+16
3.17800e+00 2.82400e+00 2.95000e+00 1.79941e+16 3.56410e+13 -5.97153e+12 1.21553e+16
2.30200e+00 1.73800e+00 2.15000e+00 9.56246e+15 2.59649e+13 -2.31531e+12 8.86564e+15
1.03600e+00 2.83000e+00 4.79000e+00 4.71817e+16 5.44855e+13 -2.55076e+13 1.96733e+16
1.28800e+00 1.10800e+00 4.44000e+00 4.05948e+16 5.07774e+13 -2.03749e+13 1.82661e+16
1.74400e+00 1.03000e+00 4.08000e+00 3.43078e+16 4.71204e+13 -1.58147e+13 1.67934e+16
1.42600e+00 3.64000e+00 4.80000e-01 4.82358e+14 6.54525e+12 -2.58067e+10 1.99018e+15
2.06200e+00 2.78200e+00 2.93000e+00 1.77130e+16 3.45013e+13 -5.85016e+12 1.20610e+16
3.00400e+00 2.95000e+00 2.17000e+00 9.75629e+15 2.67643e+13 -2.37876e+12 8.95170e+15
1.42000e+00 3.25600e+00 1.21000e+00 3.03050e+15 1.47147e+13 -4.12710e+11 4.99072e+15
2.95600e+00 3.57400e+00 4.30000e-01 3.98108e+14 7.24091e+12 -1.85923e+10 1.80173e+15
3.92200e+00 1.09600e+00 4.18000e+00 3.61135e+16 5.00274e+13 -1.70085e+13 1.72278e+16
3.50800e+00 1.15000e+00 2.73000e+00 1.54381e+16 3.34499e+13 -4.74149e+12 1.12650e+16
3.83200e+00 1.96600e+00 4.04000e+00 3.37242e+16 4.83841e+13 -1.53388e+13 1.66418e+16
2.80600e+00 3.37000e+00 4.00000e+00 3.29922e+16 4.70916e+13 -1.48580e+13 1.64505e+16
1.15000e+00 1.85200e+00 3.27000e+00 2.20238e+16 3.75611e+13 -8.13651e+12 1.34524e+16
2.47000e+00 3.92200e+00 3.75000e+00 2.89859e+16 4.40159e+13 -1.22373e+13 1.54174e+16
2.70400e+00 1.90000e+00 1.29000e+00 3.46431e+15 1.66645e+13 -5.00586e+11 5.33535e+15
3.66400e+00 2.34400e+00 4.08000e+00 3.43790e+16 4.86934e+13 -1.57898e+13 1.67997e+16
1.30000e+00 3.58000e+00 1.40000e-01 4.30480e+13 2.63454e+12 -6.42734e+08 5.90492e+14
3.70000e+00 3.70000e+00 2.63000e+00 1.43276e+16 3.24856e+13 -4.23014e+12 1.08439e+16
1.36600e+00 1.53400e+00 3.54000e+00 2.58177e+16 4.07622e+13 -1.03253e+13 1.45661e+16
3.49600e+00 1.10800e+00 3.79000e+00 2.96876e+16 4.53104e+13 -1.26797e+13 1.56208e+16
3.87400e+00 2.03200e+00 3.20000e+00 2.11941e+16 3.90124e+13 -7.62722e+12 1.31942e+16
2.03200e+00 1.65400e+00 3.94000e+00 3.20012e+16 4.57878e+13 -1.42315e+13 1.62147e+16
3.17200e+00 1.84000e+00 2.92000e+00 1.76367e+16 3.53012e+13 -5.79701e+12 1.20380e+16
2.26600e+00 1.28200e+00 1.30000e-01 4.01697e+13 3.31529e+12 -5.17082e+08 5.60202e+14
2.47600e+00 1.84000e+00 1.70000e+00 5.99252e+15 2.10686e+13 -1.14503e+12 7.01811e+15
1.86400e+00 1.51600e+00 2.00000e+00 8.26869e+15 2.39259e+13 -1.86405e+12 8.24499e+15
3.09400e+00 1.61200e+00 3.34000e+00 2.30537e+16 3.99406e+13 -8.67476e+12 1.37634e+16
2.33200e+00 2.30200e+00 8.80000e-01 1.61785e+15 1.17680e+13 -1.58980e+11 3.64534e+15
1.58200e+00 2.85400e+00 1.35000e+00 3.77235e+15 1.64154e+13 -5.73194e+11 5.56821e+15
2.68000e+00 3.83800e+00 3.58000e+00 2.64339e+16 4.22850e+13 -1.06513e+13 1.47245e+16
3.04000e+00 3.88000e+00 3.88000e+00 3.10514e+16 4.59392e+13 -1.35539e+13 1.59563e+16
2.82400e+00 3.85000e+00 3.00000e-01 1.97873e+14 5.67685e+12 -6.32332e+09 1.26563e+15
1.81000e+00 3.96400e+00 3.87000e+00 3.08352e+16 4.48177e+13 -1.34459e+13 1.59008e+16
2.42800e+00 3.04600e+00 2.09000e+00 9.03833e+15 2.53958e+13 -2.12504e+12 8.61652e+15
2.14600e+00 1.64200e+00 1.92000e+00 7.62857e+15 2.32614e+13 -1.64928e+12 7.91902e+15
1.09000e+00 2.42200e+00 1.67000e+00 5.75525e+15 1.95950e+13 -1.08470e+12 6.87816e+15
3.92800e+00 2.66800e+00 4.24000e+00 3.71270e+16 5.07009e+13 -1.77111e+13 1.74547e+16
2.23000e+00 2.39200e+00 4.14000e+00 3.53236e+16 4.81884e+13 -1.64919e+13 1.70291e+16
3.97600e+00 2.57200e+00 4.63000e+00 4.42508e+16 5.51074e+13 -2.30562e+13 1.90547e+16
3.22000e+00 2.70400e+00 4.85000e+00 4.84953e+16 5.69499e+13 -2.64880e+13 1.99455e+16
3.47800e+00 3.88000e+00 3.24000e+00 2.16949e+16 3.91331e+13 -7.90008e+12 1.33405e+16
2.14000e+00 2.43400e+00 4.56000e+00 4.28317e+16 5.28172e+13 -2.20279e+13 1.87493e+16
1.04800e+00 1.47400e+00 2.36000e+00 1.14808e+16 2.72876e+13 -3.06148e+12 9.71546e+15
2.63200e+00 1.18000e+00 3.30000e+00 2.24919e+16 3.91141e+13 -8.37048e+12 1.35973e+16
3.67000e+00 1.33000e+00 2.19000e+00 9.95827e+15 2.75357e+13 -2.44838e+12 9.04669e+15
1.84600e+00 3.95800e+00 3.05000e+00 1.91744e+16 3.56665e+13 -6.58974e+12 1.25432e+16
1.76200e+00 1.40200e+00 2.73000e+00 1.53798e+16 3.20169e+13 -4.73887e+12 1.12441e+16
3.48400e+00 3.51400e+00 4.17000e+00 3.58789e+16 4.95511e+13 -1.68285e+13 1.71526e+16
1.61200e+00 2.63800e+00 4.38000e+00 3.94926e+16 5.03680e+13 -1.95170e+13 1.80029e+16
1.36600e+00 3.57400e+00 4.50000e+00 4.16499e+16 5.15076e+13 -2.11325e+13 1.84787e+16
1.65400e+00 1.23400e+00 2.38000e+00 1.16935e+16 2.80090e+13 -3.14094e+12 9.80538e+15
3.50800e+00 2.41000e+00 2.07000e+00 8.89580e+15 2.60584e+13 -2.06613e+12 8.54841e+15
2.51200e+00 1.37800e+00 6.70000e-01 9.44765e+14 9.56416e+12 -7.02308e+10 2.78419e+15
3.61600e+00 2.81200e+00 1.33000e+00 3.69646e+15 1.78606e+13 -5.48546e+11 5.50887e+15
3.59800e+00 1.18000e+00 2.29000e+00 1.08818e+16 2.85965e+13 -2.79938e+12 9.45743e+15
3.17200e+00 2.02000e+00 2.01000e+00 8.38254e+15 2.51110e+13 -1.89211e+12 8.29931e+15
2.58400e+00 3.68800e+00 3.90000e+00 3.13530e+16 4.57893e+13 -1.37668e+13 1.60351e+16
1.21000e+00 1.84000e+00 1.90000e+00 7.44949e+15 2.22692e+13 -1.59770e+12 7.82584e+15
3.59800e+00 2.26000e+00 1.20000e+00 3.01495e+15 1.63902e+13 -4.03102e+11 4.97502e+15
2.79400e+00 2.44000e+00 4.50000e+00 4.17483e+16 5.26821e+13 -2.11722e+13 1.85106e+16
3.80800e+00 3.45400e+00 3.55000e+00 2.60458e+16 4.28754e+13 -1.03926e+13 1.46176e+16
3.23200e+00 3.70000e+00 3.30000e-01 2.40215e+14 6.34761e+12 -8.41791e+09 1.39359e+15
2.00800e+00 1.01800e+00 4.15000e+00 3.55062e+16 4.81209e+13 -1.66431e+13 1.70841e+16
2.52400e+00 2.10400e+00 1.14000e+00 2.70750e+15 1.48370e+13 -3.45508e+11 4.71651e+15
2.60800e+00 1.87000e+00 3.50000e-01 2.64987e+14 6.05953e+12 -1.00322e+10 1.46900e+15
1.25800e+00 1.21000e+00 2.05000e+00 8.67201e+15 2.39886e+13 -2.00743e+12 8.44459e+15
1.37200e+00 2.33200e+00 4.50000e+00 4.16765e+16 5.15154e+13 -2.11723e+13 1.84962e+16
2.06200e+00 1.36600e+00 2.85000e+00 1.67689e+16 3.36069e+13 -5.39173e+12 1.17407e+16
3.62800e+00 2.05000e+00 2.10000e-01 1.04645e+14 5.32883e+12 -2.17926e+09 9.04539e+14
1.43200e+00 1.23400e+00 3.71000e+00 2.83596e+16 4.27205e+13 -1.18888e+13 1.52678e+16
2.37400e+00 3.01000e+00 3.50000e+00 2.52647e+16 4.11394e+13 -9.96352e+12 1.44005e+16
2.71600e+00 2.89000e+00 4.39000e+00 3.97241e+16 5.13854e+13 -1.96459e+13 1.80528e+16
2.99200e+00 3.62800e+00 2.34000e+00 1.13350e+16 2.86575e+13 -2.98050e+12 9.64681e+15
1.42600e+00 1.21000e+00 3.58000e+00 2.64095e+16 4.12599e+13 -1.06833e+13 1.47339e+16
1.92400e+00 3.01600e+00 3.27000e+00 2.20437e+16 3.81948e+13 -8.12702e+12 1.34524e+16
2.59600e+00 3.14800e+00 2.53000e+00 1.32317e+16 3.04603e+13 -3.76725e+12 1.04239e+16
2.46400e+00 2.49400e+00 4.68000e+00 4.51273e+16 5.44266e+13 -2.38091e+13 1.92439e+16
2.17000e+00 1.35400e+00 1.21000e+00 3.04256e+15 1.53305e+13 -4.13160e+11 5.00106e+15
3.05800e+00 3.52000e+00 4.86000e+00 4.86640e+16 5.69267e+13 -2.66159e+13 1.99712e+16
1.64800e+00 3.28600e+00 2.93000e+00 1.76958e+16 3.41611e+13 -5.84683e+12 1.20533e+16
2.21200e+00 2.53600e+00 2.48000e+00 1.27063e+16 2.95858e+13 -3.55005e+12 1.02170e+16
2.95600e+00 3.23200e+00 1.51000e+00 4.74134e+15 1.93345e+13 -8.02145e+11 6.24035e+15
1.27000e+00 3.47800e+00 1.95000e+00 7.84446e+15 2.28777e+13 -1.72528e+12 8.02763e+15
3.32800e+00 1.54000e+00 5.50000e-01 6.47250e+14 8.89001e+12 -3.88979e+10 2.29974e+15
3.71800e+00 3.63400e+00 5.00000e+00 5.15355e+16 5.90354e+13 -2.89742e+13 2.05493e+16
3.59800e+00 1.11400e+00 2.73000e+00 1.54413e+16 3.35238e+13 -4.74173e+12 1.12662e+16
3.99400e+00 2.53600e+00 4.37000e+00 3.94368e+16 5.22110e+13 -1.93920e+13 1.79899e+16
1.21600e+00 3.96400e+00 4.62000e+00 4.38800e+16 5.27270e+13 -2.28509e+13 1.89622e+16
2.69800e+00 2.29600e+00 1.69000e+00 5.92671e+15 2.11386e+13 -1.12473e+12 6.97858e+15
3.16600e+00 1.04200e+00 1.88000e+00 7.33972e+15 2.36508e+13 -1.54940e+12 7.76753e+15
3.77200e+00 2.64400e+00 2.37000e+00 1.16522e+16 2.96342e+13 -3.09943e+12 9.78246e+15
2.49400e+00 1.93000e+00 4.76000e+00 4.66957e+16 5.53485e+13 -2.50721e+13 1.95809e+16
3.94600e+00 2.54200e+00 4.97000e+00 5.09654e+16 5.88898e+13 -2.85096e+13 2.04479e+16
2.36800e+00 2.28400e+00 1.07000e+00 2.38518e+15 1.39251e+13 -2.85685e+11 4.42685e+15
1.58200e+00 3.50200e+00 3.64000e+00 2.72818e+16 4.20563e+13 -1.11979e+13 1.49610e+16
2.59000e+00 3.49000e+00 2.56000e+00 1.35447e+16 3.07911e+13 -3.90155e+12 1.05453e+16
2.65600e+00 1.64200e+00 2.94000e+00 1.78613e+16 3.51019e+13 -5.91749e+12 1.21155e+16
1.43200e+00 1.16200e+00 3.42000e+00 2.41054e+16 3.94731e+13 -9.31521e+12 1.40770e+16
2.83000e+00 1.66000e+00 2.04000e+00 8.62542e+15 2.51665e+13 -1.97836e+12 8.41978e+15
2.89000e+00 2.66800e+00 6.40000e-01 8.66558e+14 9.53835e+12 -6.12210e+10 2.66467e+15
1.51000e+00 1.00600e+00 2.10000e+00 9.10603e+15 2.47554e+13 -2.15831e+12 8.65358e+15
2.47000e+00 1.48000e+00 3.34000e+00 2.30301e+16 3.94287e+13 -8.67524e+12 1.37575e+16
1.05400e+00 1.36000e+00 4.77000e+00 4.68271e+16 5.42802e+13 -2.52496e+13 1.96148e+16
3.92800e+00 1.09600e+00 2.47000e+00 1.26612e+16 3.08831e+13 -3.51276e+12 1.02013e+16
3.59200e+00 1.73200e+00 4.18000e+00 3.60863e+16 4.97553e+13 -1.69925e+13 1.72164e+16
3.44200e+00 2.89000e+00 2.00000e-02 6.45482e+12 3.04855e+12 -2.44792e+06 1.20827e+14
2.14000e+00 3.71800e+00 3.41000e+00 2.39693e+16 3.99387e+13 -9.20761e+12 1.40232e+16
2.14000e+00 2.89600e+00 1.22000e+00 3.09166e+15 1.54176e+13 -4.23209e+11 5.04024e+15
2.71600e+00 3.94600e+00 4.25000e+00 3.72180e+16 4.98156e+13 -1.78013e+13 1.74660e+16
1.85200e+00 3.05200e+00 1.80000e+00 6.69955e+15 2.16758e+13 -1.35783e+12 7.41935e+15
3.96400e+00 1.25200e+00 1.26000e+00 3.32762e+15 1.73626e+13 -4.66855e+11 5.22686e+15
3.43600e+00 1.25800e+00 2.66000e+00 1.46568e+16 3.26069e+13 -4.38574e+12 1.09760e+16
3.40600e+00 3.22000e+00 7.10000e-01 1.06855e+15 1.07456e+13 -8.35823e+10 2.95807e+15
2.31400e+00 2.05600e+00 2.40000e+00 1.19066e+16 2.87740e+13 -3.21905e+12 9.89166e+15
2.76400e+00 1.43800e+00 4.53000e+00 4.23255e+16 5.29958e+13 -2.16309e+13 1.86476e+16
2.92600e+00 1.49200e+00 2.83000e+00 1.65634e+16 3.40918e+13 -5.27925e+12 1.16675e+16
3.79600e+00 3.35200e+00 3.43000e+00 2.43217e+16 4.15221e+13 -9.37655e+12 1.41266e+16
2.40400e+00 1.78600e+00 2.85000e+00 1.67782e+16 3.38871e+13 -5.38988e+12 1.17422e+16
1.75000e+00 1.96000e+00 4.56000e+00 4.28216e+16 5.24983e+13 -2.20430e+13 1.87518e+16
3.65800e+00 3.38800e+00 4.63000e+00 4.42146e+16 5.48444e+13 -2.30260e+13 1.90390e+16
1.54000e+00 2.55400e+00 3.14000e+00 2.03188e+16 3.64246e+13 -7.19990e+12 1.29182e+16
3.74200e+00 2.99200e+00 1.95000e+00 7.90436e+15 2.49064e+13 -1.72694e+12 8.05660e+15
3.22600e+00 3.45400e+00 3.01000e+00 1.87285e+16 3.63516e+13 -6.33892e+12 1.23980e+16
1.25800e+00 3.77200e+00 2.70000e-01 1.54397e+14 4.05582e+12 -4.59818e+09 1.12472e+15
2.58400e+00 1.36000e+00 1.91000e+00 7.56026e+15 2.35090e+13 -1.62414e+12 7.88354e+15
3.44200e+00 1.73800e+00 4.43000e+00 4.05106e+16 5.24317e+13 -2.02234e+13 1.82406e+16
3.14200e+00 2.14000e+00 1.25000e+00 3.26125e+15 1.65759e+13 -4.55511e+11 5.17556e+15
1.76200e+00 3.30400e+00 2.50000e-01 1.34762e+14 4.24546e+12 -3.65504e+09 1.04813e+15
3.05800e+00 2.86600e+00 3.74000e+00 2.88707e+16 4.43882e+13 -1.21570e+13 1.53933e+16
3.93400e+00 2.15200e+00 1.31000e+00 3.59310e+15 1.78977e+13 -5.24409e+11 5.43104e+15
3.63400e+00 3.42400e+00 2.31000e+00 1.10664e+16 2.88486e+13 -2.86832e+12 9.53168e+15
1.27600e+00 2.69800e+00 9.40000e-01 1.83122e+15 1.15732e+13 -1.93606e+11 3.87994e+15
2.59600e+00 2.06800e+00 1.58000e+00 5.18211e+15 1.98232e+13 -9.19307e+11 6.52586e+15
3.18400e+00 2.54800e+00 3.96000e+00 3.23670e+16 4.69555e+13 -1.44340e+13 1.62999e+16
1.61800e+00 3.04000e+00 2.70000e-01 1.55914e+14 4.35125e+12 -4.60172e+09 1.12879e+15
3.40600e+00 3.04000e+00 4.74000e+00 4.63281e+16 5.58700e+13 -2.47162e+13 1.94917e+16
1.27600e+00 3.73000e+00 2.55000e+00 1.33989e+16 2.96006e+13 -3.85427e+12 1.04885e+16
2.84800e+00 1.95400e+00 3.90000e-01 3.28622e+14 6.70440e+12 -1.38782e+10 1.63621e+15
3.55600e+00 1.43800e+00 1.86000e+00 7.19380e+15 2.37467e+13 -1.50028e+12 7.68871e+15
2.87200e+00 3.99400e+00 2.59000e+00 1.38697e+16 3.13580e+13 -4.03861e+12 1.06692e+16
3.97600e+00 1.68400e+00 2.00000e+00 8.32074e+15 2.56590e+13 -1.86483e+12 8.26817e+15
3.09400e+00 1.19800e+00 3.74000e+00 2.88926e+16 4.44204e+13 -1.21827e+13 1.54100e+16
2.26600e+00 3.43600e+00 1.90000e+00 7.47091e+15 2.31351e+13 -1.59651e+12 7.83364e+15
